v0.2.12
-------
magic = eur/d * profitability

days   deals    magic   eur/d   deals/d    sharpe   profitability   profit_factor   │   cci_u     cci_d   target   hard  trailing   cci_w   sma_len   rsi_len   rsi_lim   cci_big   rsi_big
────────────────────────────────────────────────────────────────────────────────────┼──────────────────────────────────────────────────────────────────────────────────────────────────────
  66     131     4.28    7.21      1.98     3.078           0.603           2.095   │ 999.999  -140.598    0.969 -0.780    -0.677      81       104       188    28.650   238.655    39.745
  65     130     4.41    7.37      2.00     3.105           0.608           2.113   │ 999.999  -140.598    0.969 -0.780    -0.677      81       104       188    28.650   238.655    39.745
  65     133     4.13    7.05      2.05     2.983           0.594           2.061   │ 431.452  -140.598    0.969 -0.780    -0.677      81       104       188    28.650   238.655    39.745
  65     130     4.06    6.95      2.00     2.929           0.592           2.030   │ 295.837  -141.188    0.969 -0.780    -0.680      81       104       188    28.650   238.655    39.745

days   deals   profit   eur/d   deals/d    sharpe   profitability   profit_factor   │   cci_u     cci_d   target   hard  trailing   cci_w   sma_len   rsi_len   rsi_lim   cci_big   rsi_big
────────────────────────────────────────────────────────────────────────────────────┼──────────────────────────────────────────────────────────────────────────────────────────────────────
  62     124    2.06%    8.18      2.00     3.423           0.605           2.352   │ 295.837  -140.248    0.966 -0.780    -0.680      81       104       188    28.650   238.655    39.745
  62     123    2.02%    7.97      1.98     3.358           0.602           2.330   │ 295.837  -140.248    0.965 -0.780    -0.680      81       104       188    28.650   238.655    39.683
  61     119    2.16%    8.37      1.95     3.491           0.613           2.435   │ 295.837  -140.248    0.965 -0.780    -0.680      81       104       188    28.650   238.655    39.683
  61     120    2.13%    8.33      1.97     3.502           0.600           2.453   │ 262.728  -140.248    0.969 -0.780    -0.680      81       104       188    28.650   238.655    39.683
  59     114    2.16%    8.29      1.93     3.469           0.605           2.495   │ 262.728  -140.248    0.969 -0.780    -0.680      81       104       188    28.650   238.655    39.683
  59     116    1.90%    7.41      1.97     3.116           0.603           2.213   │ 262.728  -140.248    0.897 -0.586    -0.666      81       104       188    28.650   238.741    39.683
  58     113    2.05%    7.92      1.95     3.342           0.611           2.372   │ 262.728  -140.248    0.897 -0.586    -0.666      81       104       188    28.650   238.741    39.683
  58     114    2.00%    7.79      1.97     3.271           0.605           2.323   │ 262.728  -140.455    0.897 -0.590    -0.666      81       104       188    28.968   238.741    39.900
  58     115    1.91%    7.53      1.98     3.146           0.600           2.224   │ 262.728  -140.455    0.897 -0.515    -0.666      81       104       188    28.968   238.741    39.900
  57     113    2.06%    8.12      1.98     3.370           0.611           2.400   │ 262.728  -140.455    0.897 -0.590    -0.666      81       104       188    28.968   238.741    39.900
  57     114    2.00%    7.94      2.00     3.295           0.605           2.329   │ 262.728  -139.734    0.897 -0.515    -0.666      81       104       188    28.968   238.741    39.900
  56     111    2.12%    8.34      1.98     3.450           0.613           2.467   │ 262.728  -139.734    0.897 -0.515    -0.666      81       104       188    28.968   238.741    39.900
  56     107    2.08%    7.88      1.91     3.419           0.579           2.550   │ 210.472  -141.685    0.966 -0.524    -0.666      81       104       190    27.553   238.741    39.900
  54     101    2.29%    8.51      1.87     3.605           0.594           2.741   │ 210.472  -141.685    0.966 -0.524    -0.666      81       104       190    27.553   238.741    39.900
  54      88    2.49%    8.07      1.63     3.428           0.591           2.699   │ 210.472  -147.556    0.966 -0.524    -0.666      81       104       193    27.553   238.741    39.900
  52      84    2.77%    8.88      1.62     3.710           0.619           3.004   │ 210.472  -147.556    0.966 -0.524    -0.666      81       104       193    27.553   238.741    39.900
  51      82    3.06%    9.76      1.61     4.150           0.634           3.555   │ 210.472  -147.556    0.966 -0.524    -0.666      81       104       193    27.553   238.741    39.900
  50      82    2.97%    9.67      1.64     3.936           0.634           3.292   │ 210.472  -148.993    0.966 -0.524    -0.666      81       104       193    32.415   238.741    39.900


v0.2.11
-------

days   deals   profit   eur/d   deals/d    sharpe   profitability   profit_factor   │   cci_u     cci_d   target   hard  trailing   cci_w   sma_len   rsi_len   rsi_lim   cci_big   rsi_big
────────────────────────────────────────────────────────────────────────────────────┼──────────────────────────────────────────────────────────────────────────────────────────────────────
  50      91    2.66%    9.62      1.82     3.655           0.604           2.801   │ 210.472  -150.381    0.966 -0.524    -0.666      81       104       193    34.930   238.009    39.900
  48      81    3.11%   10.41      1.69     4.136           0.642           3.565   │ 210.472  -148.993    0.966 -0.524    -0.666      81       104       193    32.415   238.741    39.900
  48      90    2.78%   10.36      1.88     3.830           0.611           2.981   │ 210.472  -150.381    0.966 -0.524    -0.666      81       104       193    34.930   238.009    39.900  
  47      89    2.83%   10.63      1.89     3.855           0.618           3.009   │ 210.472  -150.381    0.966 -0.524    -0.666      81       104       193    34.930   238.009    39.900
  47      93    2.64%   10.38      1.98     3.640           0.581           2.653   │ 210.472  -149.583    0.961 -0.462    -0.666      81       104       193    34.930   238.009    39.900
  45      88    2.90%   11.26      1.96     3.761           0.602           2.929   │ 210.472  -149.583    0.961 -0.462    -0.666      81       104       193    34.930   238.009    39.900
  45      88    2.90%   11.26      1.96     3.761           0.602           2.929   │ 210.472  -149.583    0.963 -0.462    -0.666      81       104       193    34.930   238.009    39.900
  45      89    2.81%   11.02      1.98     3.644           0.607           2.802   │ 210.472  -147.836    0.963 -0.457    -0.666      81       102       193    34.930   238.009    39.900
  45      89    2.87%   11.28      1.98     3.846           0.607           2.845   │ 210.472  -147.836    0.963 -0.457    -0.666      81       102       193    34.930   238.009    39.900


v0.2.10
-------
add cross-checking

days   deals   profit   eur/d   deals/d    sharpe   profitability   profit_factor   │   cci_u     cci_d   target   hard  trailing   cci_w   sma_len   rsi_len   rsi_lim   cci_big   rsi_big
────────────────────────────────────────────────────────────────────────────────────┼──────────────────────────────────────────────────────────────────────────────────────────────────────
  45      89    2.87%   11.28      1.98     3.846           0.607           2.845   │ 210.472  -147.836    0.963 -0.457    -0.666      81       102       193    34.930   238.009    39.900
  44      88    3.13%   12.44      2.00     4.274           0.625           3.334   │ 210.472  -147.540<   0.969<-0.462<   -0.666      81       104<      193    34.930   237.533<   39.900
  44      86    3.09%   12.00      1.95     4.099           0.616           3.143   │ 210.472  -147.836    0.963 -0.457    -0.666      81       102       193    34.930   238.009    39.900
  43      83    3.11%   11.93      1.93     4.055           0.614           3.211   │ 210.472  -147.836    0.963 -0.457    -0.666      81       102<      193    34.930   238.009    39.900  
  43      83    2.79%   10.68      1.93     3.790           0.663           3.050   │ 197.900  -149.897    0.970 -0.457    -0.666      81       165       193    34.930   223.840    39.900
  41      81    2.77%   10.86      1.98     3.751           0.667           3.082   │ 197.900  -149.897    0.970 -0.457<   -0.666      81       165       193    34.930   223.840    39.900
  41      81    2.76%   10.84      1.98     3.733           0.667           3.069   │ 197.900  -149.470    0.970 -0.483    -0.666      81       165       193    34.930   223.840    39.900
  40      78    3.06%   11.85      1.95     4.117           0.679           3.574   │ 197.900  -149.470    0.970 -0.483<   -0.666<     81       165       193    34.930   223.840    39.900
  39      77    3.08%   12.07      1.97     4.115           0.675           3.650   │ 197.900  -149.470    0.970 -0.493<   -0.600      81       165       193    34.930   223.840    39.900
  39      78    3.01%   11.97      2.00     4.081           0.667           3.569   │ 197.900  -149.470    0.970 -0.425    -0.600      81       165       193    34.930   223.840    39.900 
  38      75    3.33%   13.06      1.97     4.479           0.693           4.261   │ 197.900  -149.470    0.970 -0.425    -0.600      81       165       193    34.930   223.840    39.900
  37      71    3.42%   13.03      1.92     4.373           0.690           4.259   │ 197.900  -149.470    0.970 -0.425    -0.600      81       165       193    34.930   223.840    39.900
  36      69    3.55%   13.52      1.92     4.449           0.696           4.399   │ 197.900  -149.470    0.970 -0.425    -0.600      81       165       193    34.930   223.840    39.900
  36      69    3.54%   13.46      1.92     4.413           0.696           4.334   │ 197.900  -149.470    0.970 -0.430    -0.600      81       164       193    34.930   223.840    39.900

02/21:  9 15    3.19%   10.57      1.67     2.044           0.667           4.568   │ 197.900  -149.470    0.970 -0.425    -0.600      81       165       193    34.930   223.840    39.900
01/21: 19 33    3.59%   12.38      1.74     2.960           0.697           3.901   │ 197.900  -149.470    0.970 -0.425    -0.600      81       165       193    34.930   223.840    39.900
12/20:  8 21    3.76%   19.54      2.62     2.651           0.714           5.408   │ 197.900  -149.470    0.970 -0.425    -0.600      81       165       193    34.930   223.840    39.900 


v0.2.9
------
add cci_big

days  deals   %tot     €/day	deals/d	sharpe	prfbtl	prf_f |	 cci_up   cc_down   target  hard    trailing  cci_w  sma_len  rsi_len  rsi_lim  cci_big  rsi_big
----------------------------------------------------------------------------------------------------------------------------------------------------------------
36    63      3.48%    12.10	1.75	3.82	0.63	3.52  |	 172.2    -145.9    0.924   -0.373  -0.5794   81     187      193      34.932   317      39.9
35    60      3.82%    13.00	1.71	3.75	0.67	3.96  |	 172.2    -145.9    0.924   -0.39   -0.5794   81     187      193      34.932   317      39.9
35    60      3.82%    13.00	1.71	3.75	0.67	3.96  |	 172.2    -145.9    0.924   -0.39   -0.5794   81     187      193      34.932   317      39.9
35    60      3.60%    12.24	1.71	3.75	0.65	3.57  |	 168.8    -145.883  0.924   -0.471  -0.5794   81     187      194      34.987   317      39.9
34    59      3.78%    13.02	1.74	3.95	0.66	3.90  |	 168.8    -145.883  0.924   -0.471  -0.5794   81     187      194      34.987   317      39.9
33    57      3.58%    12.26	1.73	3.68	0.65	3.65  |	 168.8    -145.883  0.924   -0.471  -0.5794   81     187      194      34.987   317      39.9

33    49      3.20%	 9.42	1.48	3.14	0.61	3.30  |	 168.8    -145.883  0.924   -0.471  -0.5794   81     187      194      34.987   -	      -

v0.2.8
------
param optimizing

days	deals	%tot	€/day	deals/d	sharpe	prfbtl	prf_f	cci_up	cc_down		target	hard	trailing	cci_w	sma_len	rsi_len	rsi_lim
30	45	3.51%	10.45	1.50	3.22	0.640	3.530	168.8	-145.883	0.924,	-0.471,	-0.5794		81,	187,	194,	34.987
28	44	3.73%	11.64	1.57	3.42	0.660	3.930	168.8	-145.883	0.924,	-0.471,	-0.60		81,	187,	194,	34.987
27	42	4.07%	12.57	1.56	3.67	0.666	4.506	168.8	-145.883	0.924,	-0.471,	-0.60		81,	187,	194,	34.987
27	32	4.72%	11.08	1.18	4.02	0.72	6.54	155.3	-146		0.858,	-0.487,	-0.6		81,	187,	196,	32
27	32	4.32%	10.23	1.18	3.57	0.69	5.40	170	-146		0.875,	-0.500,	-0.6		81,	187,	196,	32
27	32	4.32%	10.15	1.18	3.52	0.69	5.24	170	-146		0.875,	-0.465,	-0.6		81,	187,	196,	32


v0.2.7
------
param optimizing

days	deals	%tot	€/day	deals/d	sharpe	prfbtl	prf_f	cci_up	cc_down	target	hard	trailing	cci_w	sma_len	rsi_len	rsi_lim
27	33	3.87%	 9.37	1.22	3.07	0.67	3.95	170	-146	0.875,	-0.450,	-0.6		81,	187,	196,	32
26	31	4.57%	10.81	1.19	3.69	0.71	5.86	170	-146	0.875,	-0.450,	-0.6		81,	187,	196,	32

ref 0.2.6
25	33	3.87%	10.13	1.32	3.23	0.67	4.47	170	-147	0.875,	-0.45, 	-0.6		81,	186,	196,	34


v0.2.6
------
cci enter requires rsi > 50

days	deals	%tot	€/day	deals/d	sharpe	prfbtl	prf_f	cci_up	cc_down	target	hard	trailing	cci_w	sma_len	rsi_len	rsi_lim
25	33	3.87%	10.13	1.32	3.23	0.67	4.47	170	-147	0.875,	-0.45, 	-0.6		81,	186,	196,	34
24	32	4.10%	10.84	1.33	3.37	0.69	4.92	170	-147	0.875,	-0.45, 	-0.6		81,	186,	196,	34
23	30	4.15%	10.74	1.30	3.45	0.70	5.70	170	-147	0.875,	-0.45, 	-0.6		81,	186,	196,	34
22	28	4.72%	11.92	1.27	3.91	0.75	8.01	170	-147	0.875,	-0.45, 	-0.6		81,	186,	196,	34
21	28	4.72%	12.49	1.33	3.96	0.75	9.01	170	-147	0.875,	-0.45,	-0.6		81,	186,	196,	34

ref 0.2.5
21	32	3.96%	11.96	1.52	3.25	0.69	4.67	170		-147		0.875,		-0.45,	 	-0.6		81,	186,	196,	34


v0.2.5
------
remove rsi exit

days	deals	%tot	€/day	deals/d	sharpe	prfbtl	prf_f	cci_up		cc_down		target		hard		trailing	cci_w	sma_len	rsi_len	rsi_lim
21	32	3.96%	11.96	1.52	3.25	0.69	4.67	170		-147		0.875,		-0.45,	 	-0.6		81,	186,	196,	34

ref 0.2.4
21	35	3.40%	11.24	1.67	3.06	0.60	4.30	170		-147		0.875,		-0.45,	 	-0.6		81,	186,	196,	34



v0.2.4
------

days	deals	%tot	€/day	deals/d	sharpe	prfbtl	prf_f	cci_up		cc_down		target		hard		trailing	cci_w	sma_len	rsi_len	rsi_lim
21	35	3.40%	11.24	1.67	3.06	0.60	4.30	170		-147		0.875,		-0.45,	 	-0.6		81,	186,	196,	34
17	28	4.23%	13.84	1.65	3.51	0.64	6.82	170		-147		0.875,		-0.45,	 	-0.6		81,	186,	196,	34
16	27	4.32%	14.46	2.31	3.46	0.63	6.72	170		-147		0.875,		-0.45,	 	-0.6		81,	186,	196,	34
16	27	3.28%	10.96	1.69	2.99	0.59	5.67	170		-147		0.97651,	-0.4095, 	-0.4092		80,	194,	194,	35
16	32	2.7%	10.64	2.00	2.45	0.56	3.65	171.64886,	-146.34588,	0.97651,	-0.4095, 	-0.4092		80,	194,	194,	35
15	30	3.1% 	12.34	2.00	2.79	0.60    4.75	171.64886,	-146.34588,	0.97651,	-0.4095, 	-0.4092		80,	194,	194,	35

ref old:
15	22	3.8% 	11.12	1.47	3.01	0.73	6.85,	171.64886,	-146.34588,	0.97651,	-0.4092,	-0.4092,	80,	194,	259,	35



v0.2.3
------
changed trailing

days	deals	%tot	€/day	deals/d	sharpe	prfbtl	prf_f	cci_up		cc_down		target		hard		trailing	cci_w	sma_len	rsi_len	rsi_lim
14	20	4.4% 	12.40	1.43	3.27	0.80     8.98	171.64886,	-146.34588,	0.97651,	-0.40950, 	-0.4092		 80,	194,	259,	35



v0.2.2
------
added rsi
200€ each stock

days	%day	€/d	deals/d	sharpe	prfbtl	prf_f	cci_up		cc_down		target		hard		trailing	cci_w	sma_len	rsi_len	rsi_lim
13	5.3% 	13.81	1.31	3.72	0.88   	17.19,	171.64886,	-146.34588,	0.97651,	-0.40950, 	-0.34290	 80,	194,	259,	35


v0.2.1
------
sma_len parametrized

days	%day	deals/d	sharpe	prfbtl	prf_f	cci_up		cc_down		target		hard		trailing	cci_w	sma_len
10	6.6% 	1.299	3.29	0.92   110.33	171.64886,	-146.34588,	0.97651,	-0.40950, 	-0.34290	 80,	191
10	5.8%  	1.400	3.11    0.79	24.86   171.61033,	-149.14903,	0.99445,	-0.48540,	-0.36882,	 81,	197
	3.575%	1.625	2.87	0.85	31.56	181.53411,	-153.87035,	0.97391,	-0.46445,	-0.35692,	 82,	196
		1.625	2.70	0.77	18.63	181.53411,	-155.60905,	0.97391,	-0.46445,	-0.35692,	 82,	196
		1.625	2.70	0.77	18.63	181.53411,	-155.60905,	0.97391,	-0.46445,	-0.35692,	 82,	195
		1.250	2.52	0.90	81.50	181.53411,	-155.60905,	0.97391,	-0.46445,	-0.35692,	 78,	195


v0.2.0
------
new cci_algo
-entrys trigger by breaking up from below cci_down line and
-price is above long sma

%day	deals/d	sharpe	prfbtl	prf_f	cci_up		cc_down		target		hard		trailing	cci_w
+3.2%	1.14	2.14	0.75	13.78	202.0436609350, -167.130678951, 0.518955747140, -0.40769748881, -0.61136763935, 85
+4.5%	1.86	1.42	0.62	 2.84	151.3750893428, -133.210906124, 0.739256327792,	-0.31678375913,	-0.65723563213, 80


v0.1.1
------
%	deals	sharpe	prfbtl	prf_f	cci_up		cc_down		target		hard		trailing	cci_window
7.52	13	1.79	0.77	13.81	293.4213750971	-120.9878708399	1.052508322	-0.3383248066	-0.470415677	101



v0.1.0
------
after 1st big data crunch of 5d

cap_std = 0.001

%	deals	sharpe	prfbtl	prf_f	cci_up		cc_down		target		hard		trailing	cci_window
7.25	14	1.78	0.79	13.35	284.568471	-124.732507	0.979095	-0.416562	-0.557422	100




bubbling under:
7.25%	181.24	14	1.83	0.79	13.35	289.0417416745	-114.7981027681	1.0218202105	-0.3561053653	-0.5023703178	100
7.35%	183.74	13	1.81	0.77	13.52	291.6528568911	-122.9642395567	1.0019332888	-0.319790937	-0.5753080477	101
7.15%	178.74	14	1.81	0.79	13.18	291.0461849493	-115.7096287936	0.9861513041	-0.4443091875	-0.5619302635	100
7.15%	178.74	14	1.8	0.79	13.18	287.1982866675	-116.9569034887	0.9026739182	-0.4213287042	-0.6471823203	100
7.15%	178.74	14	1.8	0.79	13.18	284.8853005535	-116.9687382583	1.0243044907	-0.324375432	-0.6228784659	100
7.15%	178.74	14	1.8	0.79	13.18	286.1740251258	-117.6335210016	0.907570327	-0.3287656496	-0.6006187244	100
	138.50	14	1.97	0.79	10.43	286.271007	-141.609216	1.150073	-0.396210	-0.506074	100
->	237	19	1.42	0.47	2.32	212.259167	-255.610183	0.843542	-0.686087	-0.400189	242


