DOGE v0.3.3 - flexi hard_stop_loss


 days  files  deals    magic   eur/d   deals/d    sharpe   prftbly   prof_fac   |  cci_lim     cci_d   target ftarget trailing   cci_w   sma_len   rsi_len   rsi_lim   cci_big   rsi_big
 ───────────────────────────────────────────────────────────────────────────────┼───────────────────────────────────────────────────────────────────────────────────────────────────────
 96.1     79    179    178.9    2.19      1.86     5.142     0.855      3.105   | -169.133  -132.248    2.538   0.062   -6.124      68       140       127    51.111  -217.091    39.776
 
 93.6     78    174    177.8    2.22      1.86     5.063     0.851      3.085   | -169.133  -132.248    2.538   0.062   -6.124      68       140       127    51.111  -217.091    39.776
 93.6     78    175    174.9    2.21      1.87     5.015     0.846      3.039   | -164.679  -132.248    2.538   0.062   -6.124      68       142       127    51.111  -217.091    39.776
 93.6     78    176    173.1    2.20      1.88     4.986     0.841      3.011   | -164.679  -132.248    2.538   0.062   -6.124      68       142       127    51.111  -216.941    39.776
 93.6     78    174    173.0    2.20      1.86     5.006     0.845      3.035   | -170.209  -132.393    2.538   0.062   -6.124      68       142       127    51.161  -217.087    39.776
 93.6     78    173    171.2    2.19      1.85     4.984     0.850      3.035   | -161.030  -132.248    2.538   0.062   -6.124      68       142       127    51.111  -216.941    39.776
 93.6     78    173    159.0    2.12      1.85     4.768     0.850      2.876   | -161.030  -133.061    2.538   0.064   -6.124      68       142       127    50.991  -217.087    39.776
 
 90.3     77    168    187.1    2.28      1.86     5.144     0.857      3.209   | -161.030  -133.061    2.538   0.064   -6.124      68       142       127    50.991  -217.087    39.776
 90.3     77    168    185.1    2.27      1.86     5.105     0.857      3.202   | -161.279  -133.061    2.538   0.068   -6.124      68       142       127    50.991  -217.087    39.776
 
 88.7     76    165    177.2    2.24      1.86     4.964     0.855      3.135   | -161.279  -133.061    2.538   0.068   -6.124      68       142       127    50.991  -217.087    39.776
 88.7     76    163    172.8    2.26      1.84     4.832     0.859      3.099   | -161.377  -133.061    2.538   0.068   -6.732      68       142       127    50.991  -217.087    39.776
 88.7     76    163    170.9    2.25      1.84     4.808     0.859      3.086   | -160.962  -133.061    2.538   0.068   -6.732      68       142       127    50.991  -217.087    39.776

 86.7     75    160    190.4    2.37      1.85     5.055     0.863      3.327   | -160.962  -133.061    2.538   0.068   -6.732      68       142       127    50.991  -217.087    39.776
 86.7     75    155    187.2    2.35      1.79     5.147     0.865      3.500   | -160.962  -133.061    2.538   0.069   -6.732      68       142       127    50.991  -217.087    39.693
 86.7     75    155    183.7    2.33      1.79     5.097     0.865      3.476   | -160.962  -133.061    2.532   0.069   -6.732      68       142       127    50.991  -217.087    39.693
 86.7     75    156    175.9    2.29      1.80     4.977     0.859      3.349   | -160.962  -133.061    2.510   0.069   -6.732      68       142       127    50.991  -217.087    39.693
 86.7     75    155    169.9    2.27      1.79     4.874     0.858      3.232   | -160.962  -133.061    2.539   0.069   -6.732      68       142       127    50.991  -217.087    39.693

 85.2     74    154    178.2    2.27      1.81     5.018     0.864      3.373   | -160.962  -133.061    2.539   0.069   -6.732      68       142       127    50.991  -217.087    39.693
 85.2     74    154    166.5    2.23      1.81     4.815     0.857      3.153   | -160.962  -133.061    2.573   0.069   -6.732      68       142       127    50.991  -217.087    39.693
 
 83.2     73    149    193.3    2.38      1.79     5.240     0.866      3.627   | -160.962  -133.061    2.573   0.069   -6.732      68       142       127    50.991  -217.087    39.693

 81.9     72    148    219.0    2.50      1.81     5.553     0.872      3.990   | -160.962  -133.061    2.573   0.069   -6.732      68       142       127    50.991  -217.087    39.693

 81.1     71    146    206.1    2.44      1.80     5.388     0.870      3.889   | -160.962  -133.061    2.573   0.069   -6.732      68       142       127    50.991  -217.087    39.693
 81.1     71    146    205.7    2.44      1.80     5.382     0.870      3.880   | -160.962  -132.263    2.573   0.069   -6.728      68       142       127    51.094  -217.087    39.693
 81.1     71    147    197.4    2.40      1.81     5.252     0.864      3.705   | -160.962  -133.147    2.573   0.069   -6.732      68       142       127    50.991  -217.087    39.693
 81.1     71    147    188.2    2.36      1.81     5.091     0.864      3.548   | -160.962  -132.263    2.573   0.069   -6.732      68       142       127    50.991  -217.087    39.693
 
 79.4     70    143    232.4    2.58      1.80     5.734     0.874      4.338   | -160.962  -133.088    2.573   0.069   -6.732      68       142       127    50.991  -217.087    39.693
 
 76.4     69    139    262.3    2.72      1.82     6.031     0.878      4.871   | -160.962  -132.263    2.573   0.069   -6.732      68       142       127    50.991  -217.087    39.693
 76.4     69    139    262.2    2.72      1.82     6.030     0.878      4.868   | -160.962  -133.088    2.573   0.069   -6.732      68       142       127    50.991  -217.087    39.693
 76.4     69    138    259.3    2.72      1.81     6.023     0.877      4.861   | -160.962  -133.088    2.573   0.069   -6.732      68       140       127    50.991  -217.087    39.693
 76.4     69    138    256.5    2.71      1.81     5.973     0.877      4.790   | -160.733  -133.088    2.573   0.069   -6.787      68       142       127    50.991  -217.087    39.693
 76.4     69    138    255.7    2.71      1.81     5.966     0.877      4.783   | -160.733  -133.088    2.573   0.069   -6.787      68       142       127    50.991  -217.087    39.693
 76.4     69    136    243.6    2.66      1.78     5.878     0.875      4.720   | -157.591  -133.088    2.573   0.069   -6.787      68       142       127    50.991  -217.087    39.693
 
 75.1     68    136    252.3    2.71      1.81     5.878     0.875      4.720   | -157.591  -133.088    2.573   0.069   -6.787      68       142       127    50.991  -217.087    39.693

DOGE v0.3.2 - rsi exclusion filter

 days  files  deals    magic   eur/d   deals/d    sharpe   prftbly   prof_fac   |  cci_lim     cci_d   target ftarget trailing   cci_w   sma_len   rsi_len   rsi_lim   cci_big   rsi_big
 ───────────────────────────────────────────────────────────────────────────────┼───────────────────────────────────────────────────────────────────────────────────────────────────────
 75.1     68    129    208.3    2.89      1.72     5.256     0.798      3.141   | -157.591  -133.088    2.573   0.069   -6.787      68       142       127    50.991  -217.087    39.693
 75.1     68    129    205.0    2.88      1.72     5.197     0.798      3.100   | -157.445  -133.088    2.573   0.069   -6.787      68       142       127    50.991  -217.427    39.693
 75.1     68    129    203.6    2.86      1.72     5.200     0.798      3.115   | -157.445  -133.088    2.563   0.069   -6.787      68       142       127    50.991  -217.087    39.693
 
 73.3     67    122    201.4    2.86      1.67     5.270     0.803      3.318   | -157.445  -133.088    2.563   0.069   -6.787      68       142       127    50.991  -217.087    39.693


 days  files  deals    magic   eur/d   deals/d    sharpe   prftbly   prof_fac   |  cci_lim     cci_d   target ftarget trailing   cci_w   sma_len   rsi_len   rsi_lim   cci_big   rsi_big
 ───────────────────────────────────────────────────────────────────────────────┼───────────────────────────────────────────────────────────────────────────────────────────────────────
 73.3     67    123    185.9    2.77      1.68     5.015     0.797      3.103   | -157.445  -133.088    2.563   0.069   -6.787      68       142       127    50.991  -217.087    39.693

 72.4     66    119    214.0    2.94      1.64     5.490     0.807      3.548   | -157.445  -133.088    2.563   0.069   -6.787      68       142       127    50.991  -217.087    39.693


 days  files  deals    magic   eur/d   deals/d    sharpe   prftbly   prof_fac   |  cci_lim     cci_d   target ftarget trailing   cci_w   sma_len   rsi_len   rsi_lim   cci_big   rsi_big
 ───────────────────────────────────────────────────────────────────────────────┼───────────────────────────────────────────────────────────────────────────────────────────────────────
 72.4     66    119    208.2    2.88      1.64     5.441     0.807      3.500   | -157.445  -133.088    2.563   0.055   -6.787      68       142       127    50.991  -217.087    39.693
 72.4     66    119    208.1    2.88      1.64     5.437     0.807      3.501   | -157.445  -133.088    2.563   0.053   -6.787      68       142       127    50.991  -217.087    39.693
 72.4     66    119    207.3    2.88      1.64     5.426     0.807      3.497   | -157.445  -133.088    2.563   0.056   -6.787      68       142       127    50.991  -217.087    39.693



DOGE v0.3.0 - dflex, live trading

Two different levels of ftarget based on sma_series_short change speed when reaching target, "dflex target"

 days  files  deals    magic   eur/d   deals/d    sharpe   prftbly   prof_fac   |  cci_lim     cci_d   target ftarget trailing   cci_w   sma_len   rsi_len   rsi_lim   cci_big   rsi_big
 ───────────────────────────────────────────────────────────────────────────────┼───────────────────────────────────────────────────────────────────────────────────────────────────────
 72.4     66    119    204.4    2.83      1.64     5.438     0.807      3.457   | -157.445  -133.088    2.567   0.068   -6.787      68       142       127    50.991  -217.087    39.693
 72.4     66    119    204.3    2.83      1.64     5.436     0.807      3.456   | -157.445  -133.088    2.563   0.069   -6.787      68       142       127    50.991  -217.087    39.693
 
 71.3     65    114    225.1    2.95      1.60     5.843     0.816      3.946   | -157.445  -133.088    2.563   0.069   -6.787      68       142       127    50.991  -217.087    39.693 
 
 69.4     63    109    201.2    2.87      1.57     5.530     0.807      3.785   | -157.445  -133.088    2.563   0.069   -6.787      68       142       127    50.991  -217.087    39.693
 69.4     63    109    200.8    2.87      1.57     5.525     0.807      3.782   | -157.445  -133.088    2.563   0.069   -6.798      68       142       127    50.991  -217.087    39.693

 68.4     62    106    207.2    2.91      1.55     5.663     0.811      4.028   | -157.445  -133.088    2.563   0.069   -6.787      68       142       127    50.991  -217.087    39.693
 68.4     62    106    206.8    2.91      1.55     5.658     0.811      4.025   | -157.445  -133.088    2.563   0.069   -6.798      68       142       127    50.991  -217.087    39.693
 68.4     62    105    199.3    2.87      1.53     5.588     0.810      3.988   | -157.445  -132.821    2.563   0.068   -6.798      68       142       127    50.991  -217.087    39.693
 68.4     62    105    198.9    2.87      1.53     5.582     0.810      3.985   | -157.445  -132.821    2.563   0.069   -6.798      68       142       127    50.991  -217.087    39.693
 68.4     62    108    192.2    2.83      1.58     5.344     0.806      3.671   | -157.445  -133.046    2.542   0.073   -6.798      68       142       127    51.009  -217.087    39.788
 
 67.4     61    104    198.2    2.88      1.54     5.523     0.808      3.953   | -157.445  -132.821    2.563   0.069   -6.798      68       142       127    50.991  -217.087    39.693
 67.4     61    107    196.4    2.88      1.59     5.349     0.804      3.678   | -157.445  -133.046    2.567   0.069   -6.798      68       142       127    51.009  -217.087    39.831
 67.4     61    107    194.6    2.87      1.59     5.325     0.804      3.666   | -157.445  -133.046    2.542   0.068   -6.798      68       142       127    51.009  -217.087    39.788
 67.4     61    107    193.3    2.85      1.59     5.308     0.804      3.655   | -157.445  -133.046    2.542   0.067   -6.798      68       142       127    51.009  -217.087    39.788
 67.4     61    107    191.1    2.84      1.59     5.280     0.804      3.640   | -157.445  -133.046    2.542   0.073   -6.798      68       142       127    51.009  -217.087    39.788
 
 66.5     60    104    192.4    2.96      1.56     5.210     0.798      3.771   | -157.445  -133.020    2.542   0.073   -6.389      68       142       127    51.009  -217.087    39.689
 66.5     60    105    185.9    2.83      1.58     5.196     0.800      3.597   | -157.445  -133.046    2.542   0.073   -6.798      68       142       127    51.009  -217.087    39.788
 66.5     60    106    184.8    2.92      1.59     5.010     0.792      3.509   | -157.445  -133.046    2.542   0.073   -6.418      68       142       127    51.009  -217.087    39.788
 66.5     60    106    184.2    2.91      1.59     5.002     0.792      3.504   | -157.445  -133.046    2.530   0.073   -6.418      68       142       127    51.009  -217.087    39.788
 66.5     60    106    182.1    2.91      1.59     4.957     0.792      3.458   | -157.445  -133.046    2.530   0.073   -6.408      68       142       127    51.009  -217.277    39.788
 
 65.7     59    105    179.5    2.90      1.60     4.894     0.790      3.426   | -157.445  -133.046    2.530   0.073   -6.408      68       142       127    51.009  -217.277    39.788
 65.7     59    105    177.8    2.89      1.60     4.870     0.790      3.416   | -157.392  -132.262    2.550   0.072   -6.427      68       142       127    50.996  -217.139    39.779
 65.7     59    106    162.7    2.71      1.61     4.754     0.783      3.209   | -158.031  -132.394    2.530   0.068   -6.809      68       142       127    51.009  -216.991    39.953
 65.7     59    102    157.9    2.77      1.55     4.683     0.784      3.314   | -158.074  -132.394    2.530   0.073   -6.427      68       142       127    51.098  -217.139    39.723
 65.7     59    102    157.4    2.76      1.55     4.676     0.784      3.310   | -158.074  -132.394    2.530   0.075   -6.427      68       142       127    51.098  -217.139    39.723
 65.7     59    102    155.6    2.75      1.55     4.651     0.784      3.296   | -158.074  -132.394    2.530   0.075   -6.427      68       142       127    51.098  -217.139    39.723

DOGE v0.2.5 - change to new magic, scale down by 10

 days  files  deals    magic   eur/d   deals/d    sharpe   prftbly   prof_fac   |  cci_lim     cci_d   target ftarget trailing   cci_w   sma_len   rsi_len   rsi_lim   cci_big   rsi_big
 ───────────────────────────────────────────────────────────────────────────────┼───────────────────────────────────────────────────────────────────────────────────────────────────────
 65.7     59    102    150.3    2.63      1.55     4.692     0.784      3.199   | -158.074  -132.394    2.530   0.075   -6.427      68       142       127    51.098  -217.139    39.723
 65.7     59    102    147.1    2.70      1.55     4.474     0.784      3.256   | -158.074  -132.394    2.530   0.170   -6.427      68       142       127    51.098  -217.139    39.723

 64.6     58    101    173.3    2.80      1.56     4.996     0.792      3.482   | -158.074  -132.839    2.530   0.074   -6.427      68       142       127    51.098  -217.139    39.774
 64.6     58     98    166.2    2.73      1.52     5.042     0.796      3.643   | -157.921  -132.394    2.530   0.075   -6.369      68       142       127    51.098  -217.139    39.675
 64.6     58     99    153.3    2.66      1.53     4.779     0.788      3.354   | -158.074  -132.394    2.530   0.074   -6.427      68       142       127    51.098  -217.139    39.723
 64.6     58    102    142.4    2.57      1.58     4.531     0.775      3.123   | -162.755  -132.394    2.530   0.075   -6.427      68       142       127    51.098  -217.139    39.723
 64.6     58     96    139.7    2.52      1.49     4.778     0.781      3.525   | -162.755  -132.394    2.530   0.075   -6.369      68       142       127    51.098  -221.713    39.269
 64.6     58     97    129.4    2.45      1.50     4.551     0.773      3.278   | -162.755  -132.394    2.530   0.075   -6.369      68       142       127    51.098  -217.139    39.269
 64.6     58     97    128.9    2.45      1.50     4.542     0.773      3.271   | -162.755  -132.394    2.530   0.075   -6.385      68       142       127    51.098  -217.139    39.269
 63.6     57     95    121.2    2.40      1.49     4.401     0.768      3.199   | -162.755  -132.394    2.530   0.075   -6.369      68       142       127    51.098  -217.139    39.269

!64.6     58     56     88.4    1.82      0.87     6.554     0.857     10.125   | -162.755  -132.394    2.530   0.095   -6.471      68       121       178    51.098  -217.139    39.269


DOGE v0.2.4 - change to new magic, also takes now deals/day as multiplier

files  deals      magic   eur/d   deals/d    sharpe   profitability   profit_factor   |  cci_lim     cci_d   target ftarget trailing   cci_w   sma_len   rsi_len   rsi_lim   cci_big   rsi_big
──────────────────────────────────────────────────────────────────────────────────────┼──────────────────────────────────────────────────────────────────────────────────────────────────────
   57     95   1211.971    2.40      1.49     4.401           0.768           3.199   | -162.755  -132.394    2.530   0.075   -6.369      68       142       127    51.098  -217.139    39.269
   57     86    996.703    2.26      1.35     4.257           0.767           3.313   | -162.755  -132.394    2.530   0.075   -6.471      68       137       128    51.098  -217.139    39.269
   
   57     55    839.855    1.78      0.86     6.372           0.855           9.834   | -162.755  -132.394    2.530   0.095   -6.471      68       121       178    51.098  -217.139    39.269
   57     50    788.748    1.53      0.79     7.609           0.860          10.774   | -162.755  -132.558    2.530   0.076   -5.024      68       121       178    51.098  -240.422    39.269 1)
   57     50    771.127    1.54      0.79     7.408           0.860          10.816   | -162.755  -132.394    2.530   0.080   -5.024      68       120       178    51.098  -240.422    39.269 2)
   57     50    770.585    1.54      0.79     7.406           0.860          10.811   | -161.955  -132.394    2.530   0.083   -5.024      68       121       178    51.098  -240.422    39.269 3)
   57     50    752.818    1.69      0.79     6.579           0.860          11.790   | -162.755  -132.394    2.530   0.095   -5.024      68       121       178    51.098  -240.422    39.269


DOGE v0.2.3 - cci_lim added to cci, trying to not enter buys when cci is skyrocketing from wayyyyy down

files  deals      magic   eur/d   deals/d    sharpe   profitability   profit_factor   |  cci_lim     cci_d   target ftarget trailing   cci_w   sma_len   rsi_len   rsi_lim   cci_big   rsi_big
──────────────────────────────────────────────────────────────────────────────────────┼──────────────────────────────────────────────────────────────────────────────────────────────────────
   57     50   1001.192    1.53      0.79     7.609           0.860          10.774   | -162.755  -132.558    2.530   0.076   -5.024      68       121       178    51.098  -240.422    39.269 1)
   57     50    981.116    1.54      0.79     7.408           0.860          10.816   | -162.755  -132.394    2.530   0.080   -5.024      68       120       178    51.098  -240.422    39.269 2)
   57     50    980.851    1.54      0.79     7.406           0.860          10.811   | -161.955  -132.394    2.530   0.083   -5.024      68       121       178    51.098  -240.422    39.269 3)

!  57     37    975.657    1.31      0.58     8.096           0.919          26.585   | -139.778  -132.394    2.530   0.095   -5.024      68       121       178    51.098  -240.422    39.269
   57     50    958.034    1.69      0.79     6.579           0.860          11.790   | -162.755  -132.394    2.530   0.095   -5.024      68       121       178    51.098  -240.422    39.269
   56     48    887.621    1.66      0.77     6.271           0.854          11.279   | -162.755  -132.394    2.530   0.095   -5.024      68       121       178    51.098  -240.422    39.269


DOGE v0.2.2 - change position to 100€, change to count real days = 8640 ticks

files  deals      magic   eur/d   deals/d    sharpe   profitability   profit_factor   |   cci_u     cci_d   target ftarget trailing   cci_w   sma_len   rsi_len   rsi_lim   cci_big   rsi_big
──────────────────────────────────────────────────────────────────────────────────────┼──────────────────────────────────────────────────────────────────────────────────────────────────────
   56     55    458.507    1.42      0.89     4.224           0.764           4.269   |   0.000  -132.394    2.530  0.095    -5.024      68       121       178    51.098   240.422    39.269
   56     55    455.995    1.42      0.89     4.213           0.764           4.260   |   0.000  -132.394    2.552  0.097    -5.024      68       121       178    51.098   240.422    39.269
   55     54    456.925    1.41      0.89     3.940           0.741           3.899   |   0.000  -132.394    2.602  0.097    -5.024      68       121       178    51.098   240.422    39.269


DOGE v0.2.1 - trailing target

days   deals    magic   eur/d   deals/d    sharpe   profitability   profit_factor   │ [cci_u]     cci_d   target ttrail  trailing   cci_w   sma_len   rsi_len   rsi_lim   cci_big   rsi_big
────────────────────────────────────────────────────────────────────────────────────┼──────────────────────────────────────────────────────────────────────────────────────────────────────
  55      55  307.037    0.98      1.00     4.114           0.764           4.054   |   0.000  -132.394    2.602  0.097    -5.024      68       121       178    51.098   240.422    39.269



DOGE v0.2.0 - Clean slate
-----------
no hard

days   deals    magic   eur/d   deals/d    sharpe   profitability   profit_factor   │ [cci_u]     cci_d   target   hard  trailing   cci_w   sma_len   rsi_len   rsi_lim   cci_big   rsi_big
────────────────────────────────────────────────────────────────────────────────────┼──────────────────────────────────────────────────────────────────────────────────────────────────────
  55      54  268.072    0.81      0.98     4.385           0.759           3.741   |   0.000  -132.394    2.602  0.000    -5.024      68       121       178    51.098   240.422    39.269
  55      54  266.896    0.80      0.98     4.377           0.759           3.734   |   0.000  -132.394    2.596  0.000    -5.024      68       121       178    51.098   240.422    39.269


cci + cci_rsi

days   deals    magic   eur/d   deals/d    sharpe   profitability   profit_factor   │ [cci_u]     cci_d   target   hard  trailing   cci_w   sma_len   rsi_len   rsi_lim   cci_big   rsi_big
────────────────────────────────────────────────────────────────────────────────────┼──────────────────────────────────────────────────────────────────────────────────────────────────────
  54      57  207.233    0.73      1.06     4.177           0.684           3.201   |   0.000  -132.394    2.596 -2.351    -2.679      68       121       178    51.098   240.422    39.269
  54      59  203.356    0.73      1.09     4.105           0.678           3.073   |   0.000  -132.394    2.596 -2.351    -2.679      68       121       178    51.098   240.463    39.693
  54      59  203.356    0.73      1.09     4.105           0.678           3.073   |   0.000  -132.394    2.596 -2.351    -2.679      68       121       178    51.098   240.422    39.693



Try to optimize only cci_rsi algo

days   deals    magic   eur/d   deals/d    sharpe   profitability   profit_factor   │ [cci_u]     cci_d   target   hard  trailing   cci_w   sma_len   rsi_len   rsi_lim   cci_big   rsi_big
────────────────────────────────────────────────────────────────────────────────────┼──────────────────────────────────────────────────────────────────────────────────────────────────────
  54      20   82.491    0.31      0.37     3.291           0.800           4.413   | 000.000  -132.394    2.595 -2.351    -2.679      68       121       178    51.098   240.422    39.693
  54      50   67.977    0.45      0.93     2.424           0.620           2.010   | 204.318  -132.394    2.595 -2.351    -2.679      68       121       178    51.098   151.047    38.782


Try to optimize only cci_algo

days   deals    magic   eur/d   deals/d    sharpe   profitability   profit_factor   │   cci_u     cci_d   target   hard  trailing   cci_w   sma_len   rsi_len   rsi_lim   cci_big   rsi_big
────────────────────────────────────────────────────────────────────────────────────┼──────────────────────────────────────────────────────────────────────────────────────────────────────
  54      45   72.456    0.43      0.83     2.681           0.622           2.366   | 204.364  -132.394    2.596 -2.351    -2.679      68       121       178    51.098   133.456    39.693  
  52      43   54.036    0.38      0.83     2.329           0.605           2.162   │ 204.684  -132.394    2.596 -2.351    -2.679      68       121       178    51.098   133.456    39.693
  52      43   53.916    0.38      0.83     2.327           0.605           2.160   │ 204.318  -132.394    2.595 -2.351    -2.679      68       121       178    51.098   133.456    39.693
  52      43   53.836    0.38      0.83     2.325           0.605           2.159   │ 204.318  -132.394    2.595 -2.351    -2.692      68       121       178    51.098   133.456    39.693
  52      44   43.392    0.35      0.85     2.083           0.591           1.977   │ 204.318  -132.394    2.595 -2.351    -2.692      68       121       178    30.000   133.456    39.693
  52      45   21.490    0.26      0.87     1.483           0.556           1.617   │ 204.318  -132.394    2.595 -2.351    -2.692      68       120       180    30.000   133.456    39.693
  51      46    5.340    0.13      0.90     0.802           0.522           1.289   │ 204.318  -132.394    2.200 -2.000    -3.000      68       120       180    30.000   133.456    50.888
  51      51    2.152    0.09      1.00     0.512           0.490           1.166   │ 204.318  -132.312    2.200 -2.000    -3.000      68       121       180    30.000   133.456    39.693
  51      52    0.789    0.05      1.02     0.311           0.481           1.097   │ 204.318  -132.394    2.200 -2.000    -3.000      68       120       180    30.000   133.456    39.693





DOGE v0.1.3
-----------
Fix spread to 1.002 (0.1% buy, 0.1% sell)

days   deals    magic   eur/d   deals/d    sharpe   profitability   profit_factor   │   cci_u     cci_d   target   hard  trailing   cci_w   sma_len   rsi_len   rsi_lim   cci_big   rsi_big
────────────────────────────────────────────────────────────────────────────────────┼──────────────────────────────────────────────────────────────────────────────────────────────────────
  50     217  395.058    1.48      4.34     4.197           0.636           1.831   │ 179.884  -254.743    2.120 -2.202    -3.156      69       183       337    44.780   133.456    39.693
  48     207  315.154    1.34      4.31     3.763           0.623           1.744   │ 179.884  -254.743    2.083 -2.202    -3.076      69       183       337    44.780   133.456    39.693


Change 1000 shares lot to $60 lot

days   deals    magic   eur/d   deals/d    sharpe   profitability   profit_factor   │   cci_u     cci_d   target   hard  trailing   cci_w   sma_len   rsi_len   rsi_lim   cci_big   rsi_big
────────────────────────────────────────────────────────────────────────────────────┼──────────────────────────────────────────────────────────────────────────────────────────────────────
  48     207  298.948    1.32      4.31     3.660           0.618           1.718   │ 179.884  -254.743    2.083 -2.202    -3.076      69       183       337    44.780   133.456    39.693
  48     210  285.189    1.30      4.38     3.606           0.610           1.706   │ 179.884  -256.508    2.083 -2.202    -3.076      69       190       337    44.780   133.456    39.693
  47     200  307.090    1.34      4.26     3.702           0.620           1.746   │ 179.884  -254.743    2.083 -2.202    -3.076      69       183       337    44.780   133.456    39.693
  47     200  295.483    1.32      4.26     3.623           0.620           1.724   │ 179.884  -256.508    2.083 -2.202    -3.076      69       179       337    44.780   133.456    39.693
  47     203  292.744    1.31      4.32     3.647           0.611           1.733   │ 179.884  -256.508    2.083 -2.202    -3.076      69       190       337    44.780   133.456    39.693
  45     196  279.264    1.30      4.36     3.503           0.612           1.712   │ 179.884  -256.508    2.083 -2.202    -3.076      69       190       337    44.780   133.456    39.693
  45     196  273.752    1.29      4.36     3.471           0.612           1.704   │ 179.884  -256.508    2.083 -2.202    -3.076      69       190       337    44.780   145.663    39.693
  45     204  266.782    1.27      4.53     3.537           0.593           1.697   │ 186.298  -256.508    2.083 -1.766    -3.076      69       190       337    44.780   145.208    39.693
  44     201  267.676    1.28      4.57     3.498           0.597           1.691   │ 186.298  -256.508    2.083 -1.766    -3.076      69       190       337    44.780   145.208    39.693
  44     201  265.479    1.27      4.57     3.488           0.597           1.688   │ 186.298  -256.508    2.084 -1.765    -3.082      69       190       337    44.780   152.715    39.693
  44     201  265.023    1.27      4.57     3.485           0.597           1.687   │ 186.298  -256.508    2.083 -1.766    -3.082      69       190       337    44.780   152.715    39.693


Change magic calculation

days   deals    magic   eur/d   deals/d    sharpe   profitability   profit_factor   │   cci_u     cci_d   target   hard  trailing   cci_w   sma_len   rsi_len   rsi_lim   cci_big   rsi_big
────────────────────────────────────────────────────────────────────────────────────┼──────────────────────────────────────────────────────────────────────────────────────────────────────
  43     195  231.237    1.14      4.53     3.390           0.600           1.680   │ 186.298  -256.508    2.083 -1.766    -3.082      69       190       337    44.780   152.715    39.693
  42     190  215.506    1.10      4.52     3.256           0.600           1.656   │ 186.298  -256.508    2.083 -1.766    -3.082      69       190       337    44.780   152.715    39.693
  41     188  210.676    1.10      4.59     3.182           0.601           1.640   │ 186.298  -256.508    2.083 -1.766    -3.082      69       190       337    44.780   152.715    39.693
  40     184  220.635    1.13      4.60     3.235           0.603           1.663   │ 186.298  -256.508    2.083 -1.766    -3.082      69       190       337    44.780   152.715    39.693
  40     184  216.553    1.12      4.60     3.206           0.603           1.656   │ 186.298  -256.508    2.080 -1.769    -3.101      69       190       337    44.780   154.748    39.790
  40     183  201.045    1.08      4.58     3.099           0.601           1.631   │ 186.298  -256.508    2.080 -1.769    -3.130      69       190       337    44.780   152.715    39.906
  38     173  233.491    1.16      4.55     3.286           0.613           1.705   │ 186.298  -256.508    2.080 -1.769    -3.130      69       190       337    44.780   152.715    39.906
  38     158  200.637    1.06      4.16     3.093           0.614           1.697   │ 180.452  -256.508    2.026 -1.938    -3.365      69       190       337    44.597   132.895    39.725
  38     160  175.594    0.99      4.21     2.886           0.613           1.636   │ 180.452  -256.508    2.005 -1.952    -3.365      69       190       339    44.597   132.895    39.906
  37     153  198.389    1.04      4.14     3.068           0.621           1.706   │ 180.452  -256.508    2.005 -1.952    -3.365      69       190       339    44.597   132.895    39.906
  37     180  180.078    1.08      4.86     2.763           0.606           1.558   │ 180.452  -229.774    2.132 -2.114    -3.365      69       179       304    44.597   139.739    42.723

Change magic calculation

days   deals    magic   eur/d   deals/d    sharpe   profitability   profit_factor   │   cci_u     cci_d   target   hard  trailing   cci_w   sma_len   rsi_len   rsi_lim   cci_big   rsi_big
────────────────────────────────────────────────────────────────────────────────────┼──────────────────────────────────────────────────────────────────────────────────────────────────────
  37     180  180.078    1.08      4.86     2.763           0.606           1.558   │ 180.452  -229.774    2.132 -2.114    -3.365      69       179       304    44.597   139.739    42.723  
  36     180    0.670    1.11      5.00     2.763           0.606           1.558   │ 180.452  -229.774    2.132 -2.114    -3.365      69       179       304    44.597   139.739    42.723
  35     176    0.726    1.18      5.03     2.892           0.614           1.595   │ 180.452  -229.774    2.132 -2.114    -3.365      69       179       304    44.597   139.739    42.723
  35     184    0.687    1.14      5.26     2.716           0.603           1.530   │ 180.452  -175.248    2.094 -2.050    -3.365      69       177       304    44.597   143.416    42.806
  35     183    0.655    1.09      5.23     2.593           0.601           1.503   │ 180.452  -179.833    2.132 -2.050    -3.365      69       177       304    44.597   143.416    43.906


--
Change spread to more realistic value 1.0025

days   deals    magic   eur/d   deals/d    sharpe   profitability   profit_factor   │   cci_u     cci_d   target   hard  trailing   cci_w   sma_len   rsi_len   rsi_lim   cci_big   rsi_big
────────────────────────────────────────────────────────────────────────────────────┼──────────────────────────────────────────────────────────────────────────────────────────────────────
  35     183    0.637    1.09      5.23     2.593           0.601           1.503   │ 180.452  -179.833    2.132 -2.050    -3.365      69       177       304    44.597   143.416    43.906
  34     177     0.68    1.16      5.21     2.695           0.605           1.532   │ 180.452  -179.833    2.132 -2.050    -3.365      69       177       304    44.597   143.416    43.906
  34     206     0.61    1.08      6.06     2.300           0.587           1.414   │ 180.452  -126.329    2.143 -2.324    -2.584      67       177       304    44.393   128.044    43.906
  33     197     0.61    1.08      5.97     2.261           0.589           1.414   │ 180.452  -126.329    2.143 -2.324    -2.584      67       177       304    44.393   128.044    43.906
  33     197     0.58    1.02      5.97     2.149           0.584           1.390   │ 180.452  -126.329    2.143 -2.324    -2.584      67       177       304    44.393   132.491    43.906

days   deals    magic   eur/d   deals/d    sharpe   profitability   profit_factor   │   cci_u     cci_d   target   hard  trailing   cci_w   sma_len   rsi_len   rsi_lim   cci_big   rsi_big
────────────────────────────────────────────────────────────────────────────────────┼──────────────────────────────────────────────────────────────────────────────────────────────────────
  33     197    20.90    1.08      5.97     2.261           0.589           1.414   │ 180.452  -126.329    2.143 -2.324    -2.584      67       177       304    44.393   128.044    43.906
  33     197    19.71    1.02      5.97     2.149           0.584           1.390   │ 180.452  -126.329    2.143 -2.324    -2.584      67       177       304    44.393   132.491    43.906
  31     188    22.86    1.23      6.06     2.483           0.601           1.475   │ 180.452  -126.329    2.143 -2.324    -2.584      67       177       304    44.393   132.491    43.906
  31     187    22.79    1.23      6.03     2.483           0.599           1.476   │ 181.396  -126.164    2.143 -2.324    -2.564      67       177       304    44.393   132.491    43.906
  31     189    22.34    1.21      6.10     2.448           0.598           1.464   │ 181.396  -126.164    2.090 -2.324    -2.564      67       177       304    44.393   132.491    43.906


days   deals   profit   eur/d   deals/d    sharpe   profitability   profit_factor   │   cci_u     cci_d   target   hard  trailing   cci_w   sma_len   rsi_len   rsi_lim   cci_big   rsi_big
────────────────────────────────────────────────────────────────────────────────────┼──────────────────────────────────────────────────────────────────────────────────────────────────────
  
  30     179    0.44%    1.40      5.97     2.826           0.603           1.575   │ 181.396  -127.039    2.136 -2.323    -2.564      67       177       304    44.393   132.491    43.906
  30     182    0.43%    1.39      6.07     2.758           0.610           1.548   │ 181.396  -126.164    2.136 -2.323    -2.564      67       177       304    44.393   132.491    43.906
  30     184    0.41%    1.37      6.13     2.729           0.609           1.537   │ 181.396  -126.164    2.090 -2.324    -2.564      67       177       304    44.393   132.491    43.906
  29     180    0.43%    1.44      6.21     2.812           0.611           1.564   │ 181.396  -126.164    2.090 -2.324    -2.564      67       177       304    44.393   132.491    43.906
  29     182    0.43%    1.44      6.28     2.773           0.610           1.550   │ 181.396  -125.324    2.090 -2.324    -2.564      67       177       304    44.393   132.491    43.998
  29     182    0.42%    1.42      6.28     2.756           0.610           1.546   │ 181.396  -125.324    2.090 -2.324    -2.564      67       177       304    44.393   144.949    43.998
  29     186    0.40%    1.38      6.41     2.695           0.608           1.535   │ 181.396  -118.499    2.090 -2.349    -2.588      66       177       304    44.393   144.542    43.998
  29     182    0.40%    1.34      6.28     2.635           0.610           1.529   │ 181.396  -118.499    2.090 -2.374    -2.765      66       177       304    44.393   145.044    43.998
  28     182    0.38%    1.33      6.50     2.527           0.604           1.501   │ 181.396  -118.499    2.090 -2.374    -2.588      66       177       304    44.393   144.542    43.998
  26     183    0.35%    1.31      7.04     2.289           0.596           1.439   │ 181.396  -118.499    2.090 -2.418    -2.710      66       177       299    44.247   181.783    45.013
  25     178    0.29%    1.12      7.12     1.904           0.584           1.361   │ 181.396  -118.499    2.090 -2.418    -2.710      66       177       299    44.261   181.783    45.013
  25     178    0.29%    1.12      7.12     1.903           0.584           1.360   │ 181.396  -118.499    2.094 -2.418    -2.710      66       177       299    44.261   181.783    45.074
  24     168    0.35%    1.30      7.00     2.222           0.595           1.449   │ 181.396  -118.499    2.094 -2.418    -2.710      66       177       299    44.261   181.783    45.074
  24     164    0.35%    1.26      6.83     2.183           0.591           1.447   │ 181.396  -117.251    2.094 -2.418    -2.710      66       176       299    44.261   181.783    45.138
  23     156    0.34%    1.21      6.78     2.085           0.590           1.438   │ 181.396  -117.251    2.094 -2.418    -2.710      66       176       299    44.261   181.783    45.138
  23     157    0.32%    1.17      6.83     2.018           0.580           1.420   │ 181.396  -117.251    2.083 -2.402    -2.726      66       176       299    44.261   181.783    45.138
  21     152    0.33%    1.25      7.24     1.987           0.579           1.420   │ 181.396  -117.251    2.083 -2.402    -2.726      66       176       299    44.261   181.783    45.138
  21     151    0.28%    1.06      7.19     1.669           0.550           1.345   │ 181.396  -117.251    2.238 -2.256    -2.881      66       176       299    44.261   181.783    45.138
  19     142    0.32%    1.26      7.47     1.869           0.563           1.407   │ 181.396  -117.251    2.238 -2.256    -2.881      66       176       299    44.261   181.783    45.138



DOGE v0.1.2
-----------

days   deals   profit   eur/d   deals/d    sharpe   profitability   profit_factor   │   cci_u     cci_d   target   hard  trailing   cci_w   sma_len   rsi_len   rsi_lim   cci_big   rsi_big
────────────────────────────────────────────────────────────────────────────────────┼──────────────────────────────────────────────────────────────────────────────────────────────────────
  19     143    0.53%    2.09      7.53     3.153           0.615           1.767   │ 181.396  -117.251    2.238 -2.256    -2.881      66       176       299    44.261   181.783    45.138
  19     148    0.50%    2.02      7.79     3.263           0.628           1.773   │ 181.396  -117.251    1.888 -2.193    -2.579      66       176       297    44.261   186.896    45.138
  18     138    0.51%    2.05      7.67     3.293           0.630           1.825   │ 181.396  -117.251    1.888 -2.193    -2.579      66       176       297    44.261   186.896    45.138
  17     133    0.49%    2.00      7.82     3.052           0.632           1.760   │ 181.396  -117.251    1.888 -2.193    -2.579      66       176       297    44.261   186.896    45.138
  17     136    0.48%    1.98      8.00     3.041           0.625           1.751   │ 181.396  -117.251    1.888 -2.188    -2.370      66       176       297    44.261   186.896    45.138
  17     136    0.48%    1.98      8.00     3.035           0.625           1.749   │ 181.396  -117.251    1.888 -2.188    -2.369      66       176       297    44.261   187.834    45.142
  17     136    0.48%    1.98      8.00     3.037           0.625           1.750   │ 181.396  -117.251    1.885 -2.188    -2.369      66       176       297    44.261   186.927    45.142
  16     128    0.52%    2.15      8.00     3.208           0.633           1.838   │ 181.396  -117.251    1.885 -2.188    -2.369      66       176       297    44.261   186.927    45.142
  15     123    0.52%    2.24      8.20     3.176           0.642           1.850   │ 181.396  -117.251    1.885 -2.188    -2.369      66       176       297    44.261   198.766    45.142
  15     125    0.51%    2.22      8.33     3.117           0.632           1.818   │ 181.396  -117.251    1.885 -2.188    -2.369      66       176       297    44.261   186.927    45.142
  14     120    0.58%    2.59      8.57     3.450           0.658           1.956   │ 181.396  -117.251    1.885 -2.188    -2.369      66       176       297    44.261   186.927    45.142
  12     110    0.61%    2.94      9.17     3.486           0.673           2.022   │ 180.903  -117.251    1.885 -2.188    -2.369      66       176       297    44.261   186.927    45.142



DOGE v0.1.1
-----------

days   deals   profit   eur/d   deals/d    sharpe   profitability   profit_factor   │   cci_u     cci_d   target   hard  trailing   cci_w   sma_len   rsi_len   rsi_lim   cci_big   rsi_big
────────────────────────────────────────────────────────────────────────────────────┼──────────────────────────────────────────────────────────────────────────────────────────────────────
  11     101    0.68%    3.28      9.18     3.690           0.693           2.165   │ 180.903  -117.251    1.885 -2.188    -2.369      66       176       297    44.261   186.927    45.142
  11     101    0.68%    3.27      9.18     3.687           0.693           2.163   │ 180.903  -117.251    1.887 -2.188    -2.371      66       176       297    44.261   186.927    45.142
  10      93    0.73%    3.59      9.30     3.805           0.710           2.280   │ 180.903  -117.251    1.885 -2.188    -2.385      66       176       297    44.261   186.927    45.142
  10      94    0.69%    3.47      9.40     3.622           0.702           2.184   │ 180.903  -118.606    1.885 -2.188    -2.385      66       176       297    44.261   186.927    45.142
  10      83    0.77%    3.40      8.30     3.130           0.614           2.040   │ 179.845   -94.885    2.530 -2.189    -2.932      66       153       284    43.560   191.711    45.052
────────────────────────────────────────────────────────────────────────────────────┼──────────────────────────────────────────────────────────────────────────────────────────────────────
   8      28    1.48%   10.33      3.50     3.878           0.821           6.245   │ 179.845   -94.885    2.070 -2.628    -2.640      66       153       297    38.195   194.083<   37.863
   8      28    1.46%   10.19      3.50     3.845           0.821           6.172   │ 179.845   -94.885    2.070 -2.628    -2.640      66       153       297    38.195   180.823    37.863
   8      28    1.32%    9.24      3.50     4.239           0.821           5.694   │ 179.845   -94.885    2.070 -2.628    -2.640      66       153       297    38.195   180.823    37.863
   7      23    1.64%   10.80      3.29     5.603           0.783          10.625   │ 179.845   -94.885<   2.070 -2.628<   -2.640<     66       153<      297    38.195   180.823    37.863
   6      19    1.82%   11.55      3.17     6.381           0.895          12.389   │ 179.845   -93.244<   2.070 -4.187    -2.938<     66       151<      297    38.195   180.823    37.863
   6      22    1.49%   10.96      3.67     4.393           0.818           5.763   │ 179.845   -90.722    2.070 -4.187    -2.389      66       147       297    38.195   180.823    37.863





possible ideas: 
  WIN_MIN_VALUE * x = hard_stop_loss
  WIN_MAX_VALUE * y = target 

       │ days   deals    magic   eur/d   deals/d    sharpe   profitability   profit_factor   │   cci_u     cci_d   target   hard  trailing   cci_w   sma_len   rsi_len   rsi_lim   cci_big   rsi_big
───────┼─────────────────────────────────────────────────────────────────────────────────────┼──────────────────────────────────────────────────────────────────────────────────────────────────────
best x │   49     244  178.506    1.06      4.98     3.106           0.541           1.534   │ 179.884  -254.743    2.083 -2.202    -3.076      69       183       337    44.780   133.456    39.693	WIN_MIN * 0.990 / PEAK_WINDOW 60
best x │   49     220  280.590    1.27      4.49     3.662           0.605           1.692   │ 179.884  -254.743    2.083 -2.202    -3.076      69       183       337    44.780   133.456    39.693	WIN_MIN * 0.985 / PEAK_WINDOW 60
best x │   49     212  273.235    1.26      4.33     3.488           0.623           1.668   │ 179.884  -254.743    2.083 -2.202    -3.076      69       183       337    44.780   133.456    39.693	WIN_MIN * 0.980 / PEAK_WINDOW 60
best x │   49     204  233.941    1.17      4.16     3.146           0.637           1.614   │ 179.884  -254.743    2.083 -2.202    -3.076      69       183       337    44.780   133.456    39.693	WIN_MIN * 0.970 / PEAK_WINDOW 60
best x │   49     204  211.427    1.12      4.16     3.011           0.627           1.585   │ 179.884  -254.743    2.083 -2.202    -3.076      69       183       337    44.780   133.456    39.693	WIN_MIN * 0.950 / PEAK_WINDOW 60


best x │   49     220  280.590    1.27      4.49     3.662           0.605           1.692   │ 179.884  -254.743    2.083 -2.202    -3.076      69       183       337    44.780   133.456    39.693	WIN_MIN * 0.985 / PEAK_WINDOW 50
best x │   49     220  280.590    1.27      4.49     3.662           0.605           1.692   │ 179.884  -254.743    2.083 -2.202    -3.076      69       183       337    44.780   133.456    39.693	WIN_MIN * 0.985 / PEAK_WINDOW 60
best x │   49     220  278.986    1.26      4.49     3.650           0.605           1.689   │ 179.884  -254.743    2.083 -2.202    -3.076      69       183       337    44.780   133.456    39.693	WIN_MIN * 0.985 / PEAK_WINDOW 70
best x │   49     220  305.027    1.32      4.49     3.805           0.609           1.727   │ 179.884  -254.743    2.083 -2.202    -3.076      69       183       337    44.780   133.456    39.693	WIN_MIN * 0.985 / PEAK_WINDOW 80
best x │   49     220  300.495    1.31      4.49     3.772           0.609           1.719   │ 179.884  -254.743    2.083 -2.202    -3.076      69       183       337    44.780   133.456    39.693	WIN_MIN * 0.985 / PEAK_WINDOW 90
best x │   49     220  296.360    1.30      4.49     3.741           0.609           1.712   │ 179.884  -254.743    2.083 -2.202    -3.076      69       183       337    44.780   133.456    39.693	WIN_MIN * 0.985 / PEAK_WINDOW 100
best x │   49     220  295.445    1.30      4.49     3.735           0.609           1.711   │ 179.884  -254.743    2.083 -2.202    -3.076      69       183       337    44.780   133.456    39.693	WIN_MIN * 0.985 / PEAK_WINDOW 110


best x │   49     244  173.120    1.05      4.98     3.053           0.541           1.523   │ 179.884  -254.743    2.083 -2.202    -3.076      69       183       337    44.780   133.456    39.693	WIN_MIN * 0.990 / PEAK_WINDOW 80
best x │   49     220  305.027    1.32      4.49     3.805           0.609           1.727   │ 179.884  -254.743    2.083 -2.202    -3.076      69       183       337    44.780   133.456    39.693	WIN_MIN * 0.985 / PEAK_WINDOW 80
best x │   49     212  270.243    1.25      4.33     3.466           0.623           1.663   │ 179.884  -254.743    2.083 -2.202    -3.076      69       183       337    44.780   133.456    39.693	WIN_MIN * 0.980 / PEAK_WINDOW 80


ref:
       │ days   deals    magic   eur/d   deals/d    sharpe   profitability   profit_factor   │   cci_u     cci_d   target   hard  trailing   cci_w   sma_len   rsi_len   rsi_lim   cci_big   rsi_big
───────┼─────────────────────────────────────────────────────────────────────────────────────┼──────────────────────────────────────────────────────────────────────────────────────────────────────
best x │   49     212  306.798    1.32      4.33     3.727           0.623           1.723   │ 179.884  -254.743    2.083 -2.202    -3.076      69       183       337    44.780   133.456    39.693	hard stoploss