BTC v0.1.3
----------
days   deals   magic    eur/d   deals/d    sharpe   profitability   profit_factor   │   cci_u     cci_d   target   hard  trailing   cci_w   sma_len   rsi_len   rsi_lim   cci_big   rsi_big
────────────────────────────────────────────────────────────────────────────────────┼──────────────────────────────────────────────────────────────────────────────────────────────────────
  46      68   75.091    0.60      1.48     2.421           0.515           2.304   │ 134.311  -138.123    5.707 -1.625    -1.715      69       142       180    29.869   314.882    42.664
  46      69   67.251    0.57      1.50     2.311           0.507           2.206   │ 134.311  -138.123    5.707 -1.667    -1.715      69       141       180    30.515   314.882    42.875
  46      69   66.667    0.57      1.50     2.300           0.507           2.196   │ 134.311  -138.123    5.707 -1.667    -1.724      69       141       180    30.515   314.882    42.875
  46      82   33.863    0.44      1.78     1.750           0.439           1.718   │ 146.964  -129.878    5.240 -2.000    -1.438      69       129       180    31.465   314.882    44.222


days   deals   profit   eur/d   deals/d    sharpe   profitability   profit_factor   │   cci_u     cci_d   target   hard  trailing   cci_w   sma_len   rsi_len   rsi_lim   cci_big   rsi_big
────────────────────────────────────────────────────────────────────────────────────┼──────────────────────────────────────────────────────────────────────────────────────────────────────
  25      46    1.00%    1.10      1.84     2.749           0.543           3.062   │ 146.964  -129.878    5.266 -1.717    -1.430      69       129       180    31.465   314.882    44.222
  25      46    0.99%    1.09      1.84     2.709           0.543           2.997   │ 146.964  -129.878    5.240 -2.000    -1.438      69       129       180    31.465   314.882    44.222
  25      47    0.86%    0.97      1.88     2.473           0.511           2.672   │ 146.964  -129.878    5.000 -2.000    -1.300      69       129       180    32.499   319.598    44.222
  25      39    0.74%    0.70      1.56     2.154           0.385           3.200   │ 136.264  -133.181    6.054 -0.527    -1.307      69       137       186    31.478   337.891    44.497
  

BTC v0.1.2
-----------
days   deals   profit   eur/d   deals/d    sharpe   profitability   profit_factor   │   cci_u     cci_d   target   hard  trailing   cci_w   sma_len   rsi_len   rsi_lim   cci_big   rsi_big
────────────────────────────────────────────────────────────────────────────────────┼──────────────────────────────────────────────────────────────────────────────────────────────────────
  25      39    0.74%    2.32      1.56     2.154           0.385           3.200   │ 136.264  -133.181    6.054 -0.527    -1.307      69       137       186    31.478   337.891    44.497
  25     131   -0.06%   -0.63      5.24    -0.667           0.206           0.842   │ 111.261  -148.668    4.563 -0.448    -1.153      69       188       186    38.121   314.339    41.997
  17      82    0.47%    4.52      4.82     2.879           0.427           2.769   │ 111.261  -148.668    4.563 -0.448    -1.153      69       188       186    38.121   314.339    41.997
  17      82    0.42%    4.10      4.82     2.669           0.415           2.590   │ 121.576  -148.043    4.563 -0.436    -1.172      69       188       186    38.136   314.339    41.997

BTC v0.1.1
-----------

days   deals   profit   eur/d   deals/d    sharpe   profitability   profit_factor   │   cci_u     cci_d   target   hard  trailing   cci_w   sma_len   rsi_len   rsi_lim   cci_big   rsi_big
────────────────────────────────────────────────────────────────────────────────────┼──────────────────────────────────────────────────────────────────────────────────────────────────────
  11      48    0.88%    7.69      4.36     3.628           0.542           5.437   │ 121.576  -148.043    4.563 -0.436    -1.153      69       188       186    38.136   314.339    41.997
  11      41    0.78%    5.83      3.73     2.980           0.561           4.060   │ 121.576  -153.742    4.444 -0.674    -1.153      69       179       183    38.288   311.432    42.852
  10      45    0.99%    8.88      4.50     3.937           0.578           6.613   │ 121.576  -147.621    3.986 -0.407    -1.153      69       188       186    38.160   311.743    41.952
  10      47    0.83%    7.84      4.70     3.297           0.532           4.133   │ 121.576  -157.432    3.938 -0.598    -1.153      69       187       187    38.288   311.432    42.852
   8      20    0.31%    1.56      2.50     1.099           0.400           1.893   │ 126.775  -117.620    5.372 -0.955    -0.869      84       166       176    29.998   244.023    40.915
   8      20    0.31%    1.56      2.50     1.099           0.400           1.893   │ 126.775  -117.620    5.372 -0.955    -0.869      84       166       176    29.998   244.023    40.915
   7      17    1.02%    4.95      2.43     1.703           0.529           3.069   │ 126.775  -117.620    5.372 -0.955<   -0.869      84       166       176    29.998   244.023    40.915
   6      16    1.18%    6.27      2.67     1.909           0.562           3.728   │ 126.775< -117.620<   5.372<-0.909<   -0.869      84<      166<      176    29.998   244.023<   40.915<
   6      16    1.03%    5.47      2.67     1.791           0.500           3.846   │ 189.216  -169.045    5.504 -0.815    -0.869      85       139       176    29.998   237.727    41.052
